# 
# ['Tue Apr 29 13:59:13 PDT 2014']
# 
11.646  10.905  22.650  27.196  32.517
32.064  32.054  29.987  31.409  12.782
21.015  25.275  30.624  13.621  32.616
31.011  12.059  23.543  26.397  14.669
30.185  24.877  16.327  29.232  21.897
25.495  23.642  14.008  22.555  35.009
31.607  15.461  35.392  22.694  36.053
20.010  22.207  23.432  23.945  19.334
12.869  24.065  28.253  28.960  25.403
34.161  31.777  16.636  23.651  31.171
35.127  10.879  26.231  11.229  14.591
14.179  12.638  20.850  21.377  26.041
28.035  21.483  19.677  26.885  23.117
31.731  34.600  23.393  19.982  24.233
32.641  34.964  25.453  19.431  17.204
21.736  33.277  34.644  15.313  35.183
16.013  13.201  36.098  28.024  18.041
35.192  15.820  24.314  35.065  34.371
12.679  17.958  25.933  20.625  21.027
12.365  31.476  31.636  26.470  18.630
16.085  26.206  14.197  28.634  24.102
24.511  12.754  12.475  31.916  21.210
23.663  24.964  24.223  19.715  22.999
31.261  17.728  21.218  15.804  20.823
33.349  36.055  16.682  31.231  35.203
31.927  31.517  14.050  30.815  13.445
31.251  29.865  22.795  21.219  31.049
16.240  11.725  10.733  32.502  21.752
28.657  28.203  21.363  23.740  28.136
14.399  34.572  27.321  29.313  11.623
30.936  28.201  25.731  17.001  32.912
18.173  29.580  24.095  26.384  12.357
27.162  26.022  16.894  22.752  34.566
18.867  16.018  18.020  22.446  19.981
12.950  22.679  25.562  16.566  23.198
32.837  17.625  26.485  20.684  13.881
33.892  26.231  12.373  32.897  16.018
15.594  23.872  27.102  35.799  12.413
35.184  24.985  13.382  31.149  12.503
26.013  33.061  28.308  36.051  19.057
17.148  11.007  28.764  29.361  11.511
13.049  32.826  30.912  12.657  11.612
29.928  11.632  34.495  28.018  34.064
19.345  33.814  32.636  20.517  12.976
19.857  13.136  26.416  18.925  24.302
13.695  25.737  16.974  18.831  28.399
24.325  23.579  34.251  29.359  14.126
23.971  25.132  15.670  13.192  27.244
12.129  11.887  22.723  34.099  22.654
35.266  16.268  35.614  16.578  16.229
30.355  22.469  16.056  29.810  31.296
11.411  26.592  28.272  14.349  16.283
12.656  29.707  11.495  25.477  10.729
19.376  21.806  11.953  23.914  16.249
18.843  24.389  34.917  23.546  18.764
17.868  33.057  29.286  24.548  16.176
34.685  22.746  18.033  10.940  13.478
31.021  22.133  36.067  28.882  35.797
22.105  27.524  21.648  35.301  34.891
32.793  29.822  17.133  20.133  22.987
12.867  15.043  30.917  15.695  27.174
31.456  13.504  33.238  21.353  13.248
19.567  31.928  17.689  35.536  26.313
32.715  14.579  19.343  32.171  25.548
27.937  17.119  22.544  24.748  17.906
36.050  17.691  29.324  33.732  29.407
17.742  22.585  23.198  16.099  19.139
33.898  35.118  20.376  30.325  30.906
22.204  28.020  23.285  18.898  11.443
17.883  22.860  11.629  14.790  33.115
17.887  24.253  15.989  35.487  16.433
11.244  17.586  29.786  33.742  23.531
15.683  27.412  13.932  21.511  35.438
16.482  12.480  30.285  14.291  11.779
13.084  17.281  11.118  14.631  34.674
23.166  35.306  14.847  14.034  23.065
19.989  28.411  19.004  11.353  25.807
31.347  33.007  31.979  30.168  19.706
35.505  21.371  24.989  10.890  18.425
15.523  18.563  35.843  18.340  28.301
19.810  17.042  25.329  22.231  23.355
14.204  29.531  15.305  26.581  14.422
11.482  25.663  24.874  23.830  33.370
21.744  32.033  25.389  16.813  29.903
26.868  35.285  24.594  31.612  17.872
21.545  11.546  29.392  31.711  10.835
17.841  18.016  26.823  33.569  30.924
27.509  18.907  23.151  19.471  12.622
24.495  18.871  19.169  20.215  19.190
12.773  22.778  23.306  16.588  22.302
30.928  17.263  15.863  32.909  17.633
32.133  23.312  25.634  29.372  16.487
31.070  28.162  32.000  16.662  35.945
32.025  24.563  14.327  27.214  23.182
35.628  30.632  28.819  28.326  21.337
21.299  11.198  24.090  36.059  18.378
35.868  12.555  35.331  16.616  23.818
29.008  35.106  18.084  34.016  32.712
31.687  30.601  18.374  13.918  28.402
14.246  24.748  25.021  34.452  21.244
