2.0000
1.0000
1.4142
0.0000
1.0000
0.0000
0.0000
1.0000
0.0000
0.0000
0.0000
0.0000
1.0000
1.0000
1.0000
1.0000
0.0000
0.0000
0.0000
2.0000
1.0000
1.0000
1.0000
0.0000
4.4721
0.0000
0.0000
1.4142
1.0000
1.4142
0.0000
1.0000
2.0000
0.0000
1.0000
2.2361
0.0000
0.0000
1.0000
2.0000
1.4142
1.0000
0.0000
1.0000
0.0000
1.0000
0.0000
1.0000
1.0000
1.0000
1.0000
1.0000
1.0000
0.0000
1.0000
2.2361
0.0000
0.0000
0.0000
0.0000
1.0000
1.0000
1.4142
0.0000
1.0000
1.0000
0.0000
0.0000
0.0000
0.0000
11.1803
1.0000
0.0000
0.0000
0.0000
0.0000
1.0000
2.8284
1.0000
1.4142
1.0000
1.0000
2.2361
1.4142
0.0000
2.0000
1.0000
1.4142
1.0000
0.0000
3.0000
0.0000
0.0000
2.2361
1.4142
0.0000
2.2361
3.1623
0.0000
0.0000
1.0000
1.0000
2.2361
0.0000
1.0000
2.2361
1.4142
1.0000
7.0711
0.0000
0.0000
0.0000
20.0000
1.0000
1.0000
2.2361
2.2361
1.0000
1.0000
1.0000
2.2361
5.8310
0.0000
5.0000
2.2361
1.0000
9.2195
1.0000
3.6056
15.0000
1.0000
8.0623
13.9284
0.0000
0.0000
1.0000
4.1231
0.0000
1.0000
0.0000
0.0000
7.0711
0.0000
1.0000
1.0000
5.0990
1.4142
2.2361
1.0000
1.0000
0.0000
0.0000
1.4142
4.4721
11.1803
1.0000
0.0000
4.1231
0.0000
0.0000
0.0000
8.6023
0.0000
1.0000
0.0000
2.2361
0.0000
1.4142
5.3852
0.0000
1.0000
0.0000
0.0000
0.0000
2.8284
1.0000
1.4142
0.0000
1.0000
0.0000
1.4142
2.0000
1.0000
1.0000
1.0000
1.0000
1.4142
3.1623
0.0000
0.0000
1.4142
1.0000
0.0000
1.0000
1.0000
0.0000
1.0000
1.0000
0.0000
0.0000
1.0000
1.4142
1.0000
0.0000
0.0000
1.0000
0.0000
0.0000
1.0000
0.0000
1.0000
0.0000
0.0000
1.4142
0.0000
1.0000
1.4142
1.0000
0.0000
1.0000
18.6815
1.4142
1.0000
2.2361
0.0000
2.2361
2.0000
0.0000
2.0000
0.0000
2.2361
1.0000
1.4142
0.0000
1.0000
0.0000
1.4142
2.2361
2.2361
2.0000
0.0000
1.0000
1.0000
2.0000
1.4142
1.4142
0.0000
1.4142
2.2361
0.0000
1.4142
0.0000
1.0000
1.0000
7.8102
3.0000
3.1623
1.0000
1.0000
3.1623
1.0000
1.4142
0.0000
2.2361
1.0000
1.0000
1.0000
3.6056
1.0000
18.1108
2.2361
1.0000
1.0000
1.4142
13.4536
2.2361
1.0000
0.0000
1.0000
1.4142
0.0000
1.0000
0.0000
0.0000
0.0000
3.0000
1.0000
1.0000
1.4142
1.4142
1.0000
1.0000
0.0000
2.0000
0.0000
2.0000
0.0000
0.0000
1.4142
0.0000
0.0000
3.1623
1.0000
1.4142
0.0000
4.4721
2.8284
0.0000
0.0000
1.0000
1.0000
0.0000
1.0000
0.0000
1.4142
1.0000
2.0000
0.0000
3.6056
0.0000
1.0000
2.2361
1.0000
1.4142
1.0000
1.0000
0.0000
0.0000
1.4142
2.2361
1.4142
1.4142
0.0000
1.0000
0.0000
1.0000
1.0000
1.4142
0.0000
1.0000
1.0000
1.4142
1.4142
1.0000
0.0000
0.0000
2.2361
0.0000
1.4142
0.0000
2.2361
0.0000
2.2361
15.0333
0.0000
1.4142
0.0000
2.2361
2.2361
1.0000
11.1803
1.0000
1.0000
9.0554
1.4142
15.2971
1.4142
3.6056
1.4142
17.1172
0.0000
1.0000
0.0000
1.4142
11.7047
0.0000
1.0000
3.1623
0.0000
1.0000
0.0000
1.0000
2.0000
2.8284
1.0000
1.0000
1.0000
1.0000
1.0000
8.0000
3.0000
1.0000
3.0000
2.0000
1.0000
1.4142
0.0000
2.2361
1.0000
0.0000
11.3137
0.0000
4.2426
6.7082
1.0000
1.0000
1.0000
0.0000
2.2361
1.0000
6.4031
1.0000
1.0000
2.2361
2.0000
1.4142
